ISS (ZARYA)
1 25544U 98067A   25079.50000000  .00016717  00000-0  30270-3 0  9999
2 25544  51.6410 135.4567 0003679 101.2345 258.9876 15.49876543219876
HST (HUBBLE)
1 20580U 90037B   25079.40000000  .00000123  00000-0  12345-6 0  9999
2 20580  28.4700 215.1234 0002500 180.5678 179.4322 15.09876543212345
NOAA 15
1 25338U 98030A   25079.30000000  .00000234  00000-0  23456-7 0  9999
2 25338  98.7123 165.4321 0012000 78.9012 281.0987 14.12345678901234
METEOR-M2
1 40069U 14037A   25079.20000000  .00000345  00000-0  34567-8 0  9999
2 40069  98.5432 195.6789 0001500 90.1234 270.0123 14.23456789012345
GPS BIIF-2
1 38833U 12053A   25079.10000000  .00000000  00000-0  00000-0 0  9999
2 38833  55.1234 305.4321 0000100 180.0000 180.0000  2.00567890123456